PROMPT STATS   
 k    speed     nEjecta   nCaptures   totalDuration_days   avgDuration_days
 0     2.38       276        276         213155.1            772.3
 1     2.39       339        339         251211.7            741.0
 2     2.40       335        335         284583.8            849.5
 3     2.42       305        305         331694.9           1087.5
 4     2.46       238        238         367547.3           1544.3
 5     2.54       162        162         251144.0           1550.3
 6     2.70        87         87         116796.9           1342.5
 7     3.02        61         61         161094.6           2640.9
 8     3.66         3          3          27889.9           9296.6
 9     4.94         0          0              0.0              0.0
10     7.50         0          0              0.0              0.0
11    12.62         0          0              0.0              0.0
12    22.86         0          0              0.0              0.0


TOTAL STATS   
 k    speed     nEjecta   nCaptures   totalDuration_days   avgDuration_days
 0     2.38       276        674         288582.2           1045.6
 1     2.39       339        803         336431.3            992.4
 2     2.40       336        806         345598.7           1028.6
 3     2.42       328        806         391775.3           1194.4
 4     2.46       289        681         436669.1           1511.0
 5     2.54       209        488         279718.0           1338.4
 6     2.70       125        292         152649.4           1221.2
 7     3.02        86        191         176663.8           2054.2
 8     3.66        16         27          28729.2           1795.6
 9     4.94         0          0              0.0              0.0
10     7.50         0          0              0.0              0.0
11    12.62         0          0              0.0              0.0
12    22.86         0          0              0.0              0.0